#time	#distance
2	0
3	0.030609418
4	0.081483058754761
5	0.145784851764648
6	0.218997564263008
7	0.298136257928169
8	0.381228539641901
9	0.466971110003237
10	0.554502809644461
11	0.643254647510258
12	0.732850698995749
13	0.823042619028019
14	0.913666368010711
15	1.0046136161104
16	1.09581284705205
17	1.18721687139477
18	1.27879457522459
19	1.37052546763427
20	1.46239607765835
21	1.55439757334004
22	1.64652418839152
23	1.7387721825177
24	1.83113915438909
25	1.92362358764815
26	2.01622455090614
27	2.1089414994984
28	2.20177414448248
29	2.2947223660712
30	2.38778615642857
31	2.48096558186922
32	2.57426075787978
33	2.66767183261316
34	2.76119897598188
35	2.85484237245134
36	2.94860221627795
37	3.04247870836299
38	3.13647205417413
39	3.23058246237241
40	3.32481014390547
41	3.41915531140893
42	3.51361817881125
43	3.60819896107322
44	3.70289787401632
45	3.79771513420981
46	3.89265095889674
47	3.98770556594548
48	4.08287917381833
49	4.17817200155128
50	4.27358426874121
51	4.36911619553793
52	4.46476800263952
53	4.5605399112898
54	4.6564321432772
55	4.75244492093454
56	4.84857846713955
57	4.94483300531563
58	5.04120875943304
59	5.13770595401018
60	5.23432481411504
61	5.33106556536672
62	5.42792843393699
63	5.54116559718012
64	5.66664462011167
65	5.80127817648231
66	5.94276109788137
67	6.0893729763708
68	6.23983024921383
69	6.39317551213028
70	6.54869477441753
71	6.70585564849285
72	6.86426120311063
73	7.02361552508947
74	7.18369802673331
75	7.34434428234228
76	7.50543173705414
77	7.6668690505758
78	7.82858815203837
79	7.99053831663999
80	8.1526817498268
81	8.31499029546104
82	8.47744298195167
83	8.64002419307695
84	8.8027223044904
85	8.96552866736562
86	9.12843685080703
87	9.29144207714776
88	9.45454080102658
89	9.61773039563728
90	9.78100891886365
91	9.94437493896036
92	10.1078274046185
93	10.271365548115
94	10.4349888131215
95	10.5986968008954
96	10.7624892301708
97	10.9263659072626
98	11.0903267037823
99	11.2543715400283
100	11.418500372605
101	11.5827131851945
102	11.7470099816776
103	11.9113907810073
104	12.0758556133867
105	12.2404045174204
106	12.4050375379916
107	12.5697547246791
108	12.7345561305777
109	12.8994418114193
110	13.0644118249173
111	13.2294662302779
112	13.3946050878365
113	13.559828458786
114	13.7251364049747
115	13.8905289887555
116	14.0560062728736
117	14.2215683203827
118	14.387215194583
119	14.552946958974
120	14.7187636772208
121	14.8846654131274
122	15.0506522306182
123	15.2167241937234
124	15.3828813665683
125	15.5491238133657
126	15.7154515984096
127	15.8818647860712
128	16.0483634407956
129	16.2149476270993
130	16.3816174095684
131	16.5483728528577
132	16.7152140216892
133	16.8821409808518
134	17.0491537952008
135	17.2162525296573
136	17.3834372492081
137	17.5507080189059
138	17.7180649038685
139	17.8855079692794
140	18.0530372803874
141	18.2206529025067
142	18.3883549010169
143	18.5561433413634
144	18.7240182890568
145	18.8919798096733
146	19.0600279688552
147	19.2281628323099
148	19.3963844658112
149	19.5646929351984
150	19.7330883063768
151	19.901570645318
152	20.0701400180595
153	20.2387964907049
154	20.4075401294244
155	20.5763710004542
156	20.7452891700972
157	20.9142947047228
158	21.0833876707668
159	21.252568134732
160	21.4218361631878
161	21.5911918227703
162	21.7606351801829
163	21.9301663021956
164	22.099785255646
165	22.2694921074384
166	22.4392869245448
167	22.6091697740041
168	22.7791407229231
169	22.9491998384758
170	23.1193471879041
171	23.2895828385172
172	23.4599068576924
173	23.6303193128748
174	23.8008202715774
175	23.9714098013812
176	24.1420879699355
177	24.3128548449575
178	24.483710494233
179	24.6546549856159
180	24.8256883870289
181	24.9968107664629
182	25.1680221919776
183	25.3393227317015
184	25.5107124538317
185	25.6821914266343
186	25.8537597184444
187	26.0254173976662
188	26.1971645327729
189	26.3690011923071
190	26.5409274448807
191	26.7129433591748
192	26.8850490039403
193	27.0572444479976
194	27.2295297602366
195	27.4019050096171
196	27.5743702651689
197	27.7469255959915
198	27.9195710712544
199	28.0923067601975
200	28.2651327321306
201	28.438049056434
202	28.6110558025582
203	28.7841530400244
204	28.9573408384241
205	29.1306192674196
206	29.3039883967439
207	29.4774482962008
208	29.6509990356652
209	29.8246406850827
210	29.9983733144701
211	30.1721969939155
212	30.3461117935783
213	30.5201177836889
214	30.6942150345496
215	30.868403616534
216	31.0426836000875
217	31.2170550557269
218	31.3915180540411
219	31.5660726656909
220	31.740718961409
221	31.9154570120002
222	32.0902868883416
223	32.2652086613823
224	32.440222402144
225	32.6153281817208
226	32.7905260712793
227	32.9658161420589
228	33.1411984653714
229	33.3166731126018
230	33.4922401552077
231	33.6678996647199
232	33.8436517127422
233	34.0194963709518
234	34.1954337110988
235	34.3714638050071
236	34.5475867245737
237	34.7238025417695
238	34.9001113286388
239	35.0765131572997
240	35.2530080999443
241	35.4295962288386
242	35.6062776163224
243	35.78305233481
244	35.9599204567895
245	36.1368820548237
246	36.3139372015496
247	36.4910859696788
248	36.6683284319975
249	36.8456646613664
250	37.0230947307213
251	37.2006187130728
252	37.3782366815062
253	37.5559487091824
254	37.7337548693369
255	37.9116552352809
256	38.0896498804009
257	38.2677388781586
258	38.4459223020915
259	38.6242002258128
260	38.8025727230113
261	38.9810398674517
262	39.1596017329746
263	39.3382583934967
264	39.5170099230109
265	39.6958563955863
266	39.8747978853682
267	40.0538344665785
268	40.2329662135156
269	40.4121932005545
270	40.591515502147
271	40.7709331928215
272	40.9504463471837
273	41.1300550399159
274	41.3097593457779
275	41.4895593396065
276	41.6694550963159
277	41.8494466908976
278	42.0295341984209
279	42.2097176940324
280	42.3899972529566
281	42.5703729504958
282	42.7508448620301
283	42.9314130630179
284	43.1120776289953
285	43.2928386355771
286	43.473696158456
287	43.6546502734033
288	43.835701056269
289	44.0168485829813
290	44.1980929295475
291	44.3794341720536
292	44.5608723866644
293	44.742407649624
294	44.9240400372555
295	45.105769625961
296	45.2875964922224
297	45.4695207126006
298	45.6515423637363
299	45.8336615223497
300	46.015878265241
301	46.1981926692899
302	46.3806048114563
303	46.56311476878
304	46.7457226183811
305	46.9284284374599
306	47.111232303297
307	47.2941342932536
308	47.4771344847713
309	47.6602329553726
310	47.8434297826607
311	48.0267250443195
312	48.2101188181141
313	48.3936111818907
314	48.5772022135766
315	48.7608919911804
316	48.9446805927924
317	49.1285680965839
318	49.3125545808083
319	49.4966401238005
320	49.6808248039772
321	49.8651086998372
322	50.0494918899613
323	50.2339744530123
324	50.4185564677355
325	50.6032380129584
326	50.7880191675911
327	50.9729000106261
328	51.1578806211389
329	51.3429610782874
330	51.5281414613127
331	51.7134218495389
332	51.898802322373
333	52.0842829593054
334	52.26986383991
335	52.4555450438438
336	52.6413266508475
337	52.8272087407456
338	53.0131913934462
339	53.1992746889413
340	53.3854587073071
341	53.5717435287035
342	53.7581292333751
343	53.9446159016504
344	54.1312036139425
345	54.3178924507492
346	54.5046824926526
347	54.6915738203199
348	54.878566514503
349	55.0656606560389
350	55.2528563258495
351	55.440153604942
352	55.6275525744091
353	55.8150533154287
354	56.0026559092643
355	56.1903604372651
356	56.3781669808661
357	56.566075621588
358	56.7540864410376
359	56.9421995209079
360	57.1304071109091
361	57.3187034419641
362	57.5070842227757
363	57.6955462641394
364	57.8840871986677
365	58.0727052717391
366	58.2613991855949
367	58.4501679830875
368	58.6390109610018
369	58.8279276054315
370	59.0169175436002
371	59.2059805079445
372	59.3951163093394
373	59.5843248171377
374	59.7736059442914
375	59.9629596362599
376	60.1523858627427
377	60.3418846115154
378	60.5314558838362
379	60.7210996910207
380	60.9108160518896
381	61.1006049908656
382	61.2904665365547
383	61.4804007206896
384	61.6704075773406
385	61.8604871423288
386	62.050639452788
387	62.240864546838
388	62.4311624633418
389	62.6215332417238
390	62.8119769218346
391	63.0024935438507
392	63.1930831481989
393	63.3837457755004
394	63.5744814665295
395	63.765290262182
396	63.9561722034521
397	64.1471273314156
398	64.3381556872165
399	64.5292573120576
400	64.7204322471934
401	64.911680533925
402	65.1030022135956
403	65.2943973275882
404	65.4858659173229
405	65.6774080242556
406	65.8690236898766
407	66.0607129557099
408	66.2524758633124
409	66.4443124542734
410	66.6362227702146
411	66.8282068527892
412	67.0202647436823
413	67.2123964846106
414	67.404602117322
415	67.5968816835961
416	67.7892352252436
417	67.9816627841069
418	68.1741644020595
419	68.3667401210063
420	68.5593899828835
421	68.7521140296587
422	68.944912303331
423	69.1377848459307
424	69.3307316995198
425	69.5237529061916
426	69.7168485080708
427	69.9100185473138
428	70.1032630661083
429	70.2965821066738
430	70.4899757112613
431	70.6834439221534
432	70.8769867816644
433	71.0706043321402
434	71.2642966159584
435	71.4580636755286
436	71.6519055532917
437	71.8458222917208
438	72.0398139333206
439	72.2338805206278
440	72.4280220962109
441	72.6222387026703
442	72.8165303826385
443	73.0108971787796
444	73.2053391337903
445	73.3998562903987
446	73.5944486913653
447	73.7891163794828
448	73.9838593975757
449	74.1786777885009
450	74.3735715951473
451	74.5685408604363
452	74.7635856273212
453	74.9587059387878
454	75.1539018378542
455	75.3491733675706
456	75.5445205710199
457	75.7399434913171
458	75.9354421716098
459	76.131016655078
460	76.3266669849342
461	76.5223932044235
462	76.7181953568232
463	76.9140734854437
464	77.1100276336276
465	77.3060578447502
466	77.5021641622197
467	77.6983466294767
468	77.8946052899947
469	78.09094018728
470	78.2873513648716
471	78.4838388663412
472	78.6804027352936
473	78.8770430153663
474	79.0737597502298
475	79.2705529835876
476	79.4674227591761
477	79.6643691207645
478	79.8613921121555
479	80.0584917771844
480	80.25566815972
481	80.4529213036639
482	80.650251252951
483	80.8476580515494
484	81.0451417434605
485	81.2427023727188
486	81.4403399833921
487	81.6380546195817
488	81.8358463254219
489	82.0337151450809
490	82.2316611227597
491	82.4296843026932
492	82.6277847291496
493	82.8259624464307
494	83.0242174988717
495	83.2225499308413
496	83.4209597867422
497	83.6194471110102
498	83.8180119481152
499	84.0166543425605
500	84.2153743388834
501	84.4141719816546
502	84.613047315479
503	84.812000384995
504	85.0110312348749
505	85.2101399098251
506	85.4093264545856
507	85.6085909139307
508	85.8079333326684
509	86.0073537556409
510	86.2068522277243
511	86.4064287938288
512	86.6060834988987
513	86.8058163879127
514	87.0056275058832
515	87.2055168978573
516	87.405484608916
517	87.6055306841747
518	87.8056551687831
519	88.0058581079251
520	88.2061395468192
521	88.4064995307182
522	88.6069381049093
523	88.8074553147141
524	89.0080512054889
525	89.2087258226244
526	89.4094792115458
527	89.610311417713
528	89.8112224866206
529	90.0122124637976
530	90.2132813948081
531	90.4144293252504
532	90.6156563007581
533	90.8169623669991
534	91.0183475696766
535	91.2198119545283
536	91.421355567327
537	91.6229784538802
538	91.8246806600307
539	92.0264622316559
540	92.2283232146686
541	92.4302636550164
542	92.632283598682
543	92.8343830916833
544	93.0365621800735
545	93.2388209099408
546	93.4411593274085
547	93.6435774786355
548	93.8460754098158
549	94.0486531671787
550	94.2513107969889
551	94.4540483455465
552	94.656865859187
553	94.8597633842815
554	95.0627409672363
555	95.2657986544935
556	95.4689364925306
557	95.6721545278609
558	95.875452807033
559	96.0788313766315
560	96.2822902832764
561	96.4858295736237
562	96.689449294365
563	96.8931494922277
564	97.0969302139751
565	97.3007915064064
566	97.5047334163565
567	97.7087559906965
568	97.9128592763333
569	98.1170433202098
570	98.3213081693051
571	98.5256538706341
572	98.7300804712481
573	98.9345880182344
574	99.1391765587164
575	99.3438461398538
576	99.5485968088426
577	99.7534286129149
578	99.9583415993394
579	100.163335815421
580	100.368411308501
581	100.573568125956
582	100.778806315202
583	100.984125923688
584	101.189526998903
585	101.395009588369
586	101.600573739646
587	101.806219500333
588	102.011946918061
589	102.217756040503
590	102.423646915364
591	102.629619590389
592	102.835674113357
593	103.041810532087
594	103.248028894433
595	103.454329248286
596	103.660711641574
597	103.867176122262
598	104.073722738353
599	104.280351537885
600	104.487062568935
601	104.693855879617
602	104.900731518081
603	105.107689532514
604	105.314729971142
605	105.521852882226
606	105.729058314068
607	105.936346315002
608	106.143716933405
609	106.351170217686
610	106.558706216297
611	106.766324977722
612	106.974026550486
613	107.181810983151
614	107.389678324317
615	107.597628622619
616	107.805661926733
617	108.01377828537
618	108.221977747282
619	108.430260361254
620	108.638626176114
621	108.847075240724
622	109.055607603986
623	109.264223314839
624	109.47292242226
625	109.681704975264
626	109.890571022904
627	110.099520614272
628	110.308553798497
629	110.517670624745
630	110.726871142224
631	110.936155400177
632	111.145523447885
633	111.354975334669
634	111.564511109888
635	111.774130822939
636	111.983834523257
637	112.193622260317
638	112.403494083629
639	112.613450042746
640	112.823490187257
641	113.033614566789
642	113.243823231009
643	113.454116229623
644	113.664493612374
645	113.874955429045
646	114.085501729457
647	114.29613256347
648	114.506847980985
649	114.717648031937
650	114.928532766305
651	115.139502234104
652	115.350556485389
653	115.561695570254
654	115.772919538831
655	115.984228441293
656	116.195622327851
657	116.407101248754
658	116.618665254293
659	116.830314394797
660	117.042048720633
661	117.253868282209
662	117.465773129972
663	117.677763314407
664	117.889838886041
665	118.101999895439
666	118.314246393205
667	118.526578429983
668	118.738996056458
669	118.951499323353
670	119.16408828143
671	119.376762981494
672	119.589523474386
673	119.802369810988
674	120.015302042224
675	120.228320219055
676	120.441424392483
677	120.654614613551
678	120.867890933339
679	121.081253402971
680	121.294702073608
681	121.508236996452
682	121.721858222746
683	121.935565803772
684	122.149359790853
685	122.363240235352
686	122.577207188672
687	122.791260702256
688	123.00540082759
689	123.219627616196
690	123.43394111964
691	123.648341389528
692	123.862828477505
693	124.077402435257
694	124.292063314513
695	124.506811167039
696	124.721646044644
697	124.936567999177
698	125.151577082528
699	125.366673346628
700	125.581856843449
701	125.797127625003
702	126.012485743343
703	126.227931250565
704	126.443464198802
705	126.659084640233
706	126.874792627074
707	127.090588211585
708	127.306471446064
709	127.522442382854
710	127.738501074337
711	127.954647572936
712	128.170881931116
713	128.387204201384
714	128.603614436288
715	128.820112688416
716	129.0366990104
717	129.253373454912
718	129.470136074666
719	129.686986922417
720	129.903926050963
721	130.120953513142
722	130.338069361835
723	130.555273649964
724	130.772566430495
725	130.989947756432
726	131.207417680823
727	131.42497625676
728	131.642623537373
729	131.860359575837
730	132.078184425368
731	132.296098139223
732	132.514100770704
733	132.732192373153
734	132.950372999954
735	133.168642704535
736	133.387001540365
737	133.605449560955
738	133.823986819861
739	134.042613370678
740	134.261329267045
741	134.480134562645
742	134.699029311201
743	134.926022853199
744	135.158353540806
745	135.394198526564
746	135.632354798198
747	135.872028547689
748	136.112696089863
749	136.354012032356
750	136.595748648326
751	136.837755852748
752	137.079934782707
753	137.32222035948
754	137.564569780313
755	137.806954924639
756	138.049357344182
757	138.291764958504
758	138.534169876067
759	138.776566957977
760	139.018952871725
761	139.261325468117
762	139.503683371343
763	139.746025709532
764	139.988351937883
765	140.230661722752
766	140.472954865864
767	140.715231254887
768	140.957490831331
769	141.199733569795
770	141.441959464643
771	141.684168521525
772	141.926360752049
773	142.168536170491
774	142.410694791821
775	142.652836630554
776	142.894961700141
777	143.137070012677
778	143.379161578809
779	143.621236407765
780	143.863294507438
781	144.105335884503
782	144.347360544548
783	144.589368492206
784	144.831359731271
785	145.073334264813
786	145.315292095276
787	145.55723322457
788	145.799157654145
789	146.041065385058
790	146.282956418033
791	146.524830753511
792	146.766688391688
793	147.008529332556
794	147.250353575935
795	147.492161121492
796	147.733951968773
797	147.975726117214
798	148.217483566164
799	148.459224314892
800	148.700948362605
801	148.942655708452
802	149.184346351537
803	149.426020290924
804	149.667677525644
805	149.909318054699
806	150.150941877067
807	150.392548991705
808	150.634139397552
809	150.875713093533
810	151.117270078562
811	151.35881035154
812	151.600333911359
813	151.841840756905
814	152.083330887056
815	152.324804300685
816	152.566260996659
817	152.807700973842
818	153.049124231096
819	153.290530767276
820	153.531920581238
821	153.773293671835
822	154.014650037916
823	154.255989678331
824	154.497312591928
825	154.738618777552
826	154.979908234049
827	155.221180960262
828	155.462436955036
829	155.703676217212
830	155.944898745632
831	156.186104539138
832	156.42729359657
833	156.668465916769
834	156.909621498573
835	157.150760340822
836	157.391882442356
837	157.632987802011
838	157.874076418627
839	158.115148291041
840	158.356203418091
841	158.597241798613
842	158.838263431444
843	159.079268315422
844	159.320256449381
845	159.561227832158
846	159.802182462589
847	160.043120339509
848	160.284041461752
849	160.524945828155
850	160.765833437551
851	161.006704288774
852	161.24755838066
853	161.488395712041
854	161.729216281752
855	161.970020088624
856	162.210807131493
857	162.45157740919
858	162.692330920548
859	162.933067664399
860	163.173787639575
861	163.414490844909
862	163.655177279231
863	163.895846941374
864	164.136499830167
865	164.377135944443
866	164.617755283031
867	164.858357844763
868	165.098943628467
869	165.339512632974
870	165.580064857114
871	165.820600299716
872	166.061118959608
873	166.301620835621
874	166.542105926582
875	166.78257423132
876	167.023025748663
877	167.263460477439
878	167.503878416476
879	167.744279564601
880	167.98466392064
881	168.225031483422
882	168.465382251773
883	168.705716224519
884	168.946033400486
885	169.1863337785
886	169.426617357387
887	169.666884135973
888	169.907134113082
889	170.14736728754
890	170.387583658171
891	170.627783223799
892	170.86796598325
893	171.108131935346
894	171.348281078912
895	171.58841341277
896	171.828528935745
897	172.068627646659
898	172.308709544335
899	172.548774627595
900	172.788822895262
901	173.028854346157
902	173.268868979102
903	173.50886679292
904	173.74884778643
905	173.988811958454
906	174.228759307813
907	174.468689833327
908	174.708603533817
909	174.948500408102
910	175.188380455002
911	175.428243673336
912	175.668090061925
913	175.907919619587
914	176.14773234514
915	176.387528237404
916	176.627307295195
917	176.867069517334
918	177.106814902636
919	177.34654344992
920	177.586255158003
921	177.825950025702
922	178.065628051834
923	178.305289235215
924	178.544933574661
925	178.784561068989
926	179.024171717015
927	179.263765517553
928	179.503342469418
929	179.742902571427
930	179.982445822394
931	180.221972221133
932	180.461481766459
933	180.700974457185
934	180.940450292125
935	181.179909270094
936	181.419351389903
937	181.658776650367
938	181.898185050297
939	182.137576588507
940	182.376951263808
941	182.616309075013
942	182.855650020934
943	183.094974100381
944	183.334281312166
945	183.573571655101
946	183.812845127995
947	184.05210172966
948	184.291341458905
949	184.530564314541
950	184.769770295377
951	185.008959400223
952	185.248131627888
953	185.487286977182
954	185.726425446912
955	185.965547035887
956	186.204651742916
957	186.443739566806
958	186.682810506365
959	186.921864560401
960	187.160901727721
961	187.399922007132
962	187.638925397441
963	187.877911897453
964	188.116881505976
965	188.355834221814
966	188.594770043775
967	188.833688970663
968	189.072591001283
969	189.311476134441
970	189.550344368941
971	189.789195703588
972	190.028030137185
973	190.266847668537
974	190.505648296448
975	190.74443201972
976	190.983198837157
977	191.221948747562
978	191.460681749737
979	191.699397842485
980	191.938097024609
981	192.176779294909
982	192.415444652188
983	192.654093095246
984	192.892724622886
985	193.131339233907
986	193.369936927112
987	193.608517701299
988	193.847081555269
989	194.085628487821
990	194.324158497757
991	194.562671583874
992	194.801167744972
993	195.039646979849
994	195.278109287305
995	195.516554666138
996	195.754983115145
997	195.993394633125
998	196.231789218874
999	196.470166871191
1000	196.708527588872
1001	196.946871370714
1002	197.185198215514
1003	197.423508122068
1004	197.661801089172
1005	197.900077115621
1006	198.138336200211
1007	198.376578341738
1008	198.614803538996
1009	198.853011790781
1010	199.091203095886
1011	199.329377453105
1012	199.567534861233
1013	199.805675319064
1014	200.043798825391
1015	200.281905379006
1016	200.519994978704
1017	200.758067623276
1018	200.996123311515
1019	201.234162042213
1020	201.472183814163
1021	201.710188626155
1022	201.948176476981
1023	202.186147365432
1024	202.424101290299
1025	202.662038250373
1026	202.899958244444
1027	203.137861271302
1028	203.375747329737
1029	203.613616418538
1030	203.851468536495
1031	204.089303682396
1032	204.327121855032
1033	204.564923053189
1034	204.802707275656
1035	205.040474521222
1036	205.278224788675
1037	205.5159580768
1038	205.753674384387
1039	205.991373710221
1040	206.22905605309
1041	206.466721411779
1042	206.704369785076
1043	206.942001171766
1044	207.179615570634
1045	207.417212980467
1046	207.654793400049
1047	207.892356828165
1048	208.1299032636
1049	208.367432705138
1050	208.604945151563
1051	208.842440601659
1052	209.07991905421
1053	209.317380507999
1054	209.554824961809
1055	209.792252414423
1056	210.029662864623
1057	210.267056311192
1058	210.504432752911
1059	210.741792188563
1060	210.979134616929
1061	211.216460036789
1062	211.453768446926
1063	211.69105984612
1064	211.928334233151
1065	212.165591606799
1066	212.402831965844
1067	212.640055309067
1068	212.877261635246
1069	213.11445094316
1070	213.351623231588
1071	213.58877849931
1072	213.825916745103
1073	214.063037967745
1074	214.300142166014
1075	214.537229338688
1076	214.774299484544
1077	215.011352602359
1078	215.24838869091
1079	215.485407748973
1080	215.722409775324
1081	215.95939476874
1082	216.196362727996
1083	216.433313651868
1084	216.670247539131
1085	216.907164388559
1086	217.144064198927
1087	217.38094696901
1088	217.617812697582
1089	217.854661383417
1090	218.091493025288
1091	218.328307621969
1092	218.565105172232
1093	218.801885674851
1094	219.038649128597
1095	219.275395532244
1096	219.512124884563
1097	219.748837184326
1098	219.985532430305
1099	220.22221062127
1100	220.458871755992
1101	220.695515833243
1102	220.932142851793
1103	221.168752810411
1104	221.405345707868
1105	221.641921542933
1106	221.878480314376
1107	222.115022020965
1108	222.35154666147
1109	222.588054234659
1110	222.8245447393
1111	223.061018174162
1112	223.297474538011
1113	223.533913829616
1114	223.770336047744
1115	224.006741191161
1116	224.243129258635
1117	224.479500248931
1118	224.715854160816
1119	224.952190993056
1120	225.188510744417
1121	225.424813413663
1122	225.661098999559
1123	225.897367500872
1124	226.133618916364
1125	226.3698532448
1126	226.606070484945
1127	226.842270635562
1128	227.078453695415
1129	227.314619663266
1130	227.550768537879
1131	227.786900318016
1132	228.023015002439
1133	228.259112589912
1134	228.495193079195
1135	228.73125646905
1136	228.967302758239
1137	229.203331945522
1138	229.439344029661
1139	229.675339009415
1140	229.911316883545
1141	230.147277650812
1142	230.383221309974
1143	230.619147859791
1144	230.855057299022
1145	231.090949626427
1146	231.326824840763
1147	231.56268294079
1148	231.798523925264
1149	232.034347792944
1150	232.270154542588
1151	232.505944172953
1152	232.741716682795
1153	232.977472070872
1154	233.21321033594
1155	233.448931476755
1156	233.684635492073
1157	233.920322380649
1158	234.155992141239
1159	234.391644772599
1160	234.627280273482
1161	234.862898642644
1162	235.098499878838
1163	235.334083980819
1164	235.56965094734
1165	235.805200777156
1166	236.040733469018
1167	236.276249021681
1168	236.511747433896
1169	236.747228704416
1170	236.982692831993
1171	237.21813981538
1172	237.453569653326
1173	237.688982344585
1174	237.924377887906
1175	238.159756282041
1176	238.395117525739
1177	238.630461617752
1178	238.865788556829
1179	239.10109834172
1180	239.336390971173
1181	239.571666443939
1182	239.806924758766
1183	240.042165914403
1184	240.277389909597
1185	240.512596743097
1186	240.747786413651
1187	240.982958920005
1188	241.218114260908
1189	241.453252435106
1190	241.688373441346
1191	241.923477278373
1192	242.158563944935
1193	242.393633439777
1194	242.628685761644
1195	242.863720909282
1196	243.098738881436
1197	243.33373967685
1198	243.568723294268
1199	243.803689732436
1200	244.038638990097
1201	244.273571065994
1202	244.508485958871
1203	244.743383667471
1204	244.978264190537
1205	245.21312752681
1206	245.447973675034
1207	245.68280263395
1208	245.917614402301
1209	246.152408978826
1210	246.387186362268
1211	246.621946551367
1212	246.856689544865
1213	247.0914153415
1214	247.326123940014
1215	247.560815339145
1216	247.795489537634
1217	248.030146534219
1218	248.26478632764
1219	248.499408916635
1220	248.734014299942
1221	248.9686024763
1222	249.203173444446
1223	249.437727203118
1224	249.672263751053
1225	249.906783086988
1226	250.141285209659
1227	250.375770117804
1228	250.610237810158
1229	250.844688285457
1230	251.079121542436
1231	251.313537579832
1232	251.547936396378
1233	251.78231799081
1234	252.016682361862
1235	252.251029508268
1236	252.485359428762
1237	252.719672122078
1238	252.95396758695
1239	253.188245822109
1240	253.422506826289
1241	253.656750598223
1242	253.890977136643
1243	254.12518644028
1244	254.359378507866
1245	254.593553338133
1246	254.827710929811
1247	255.061851281632
1248	255.295974392326
1249	255.530080260624
1250	255.764168885254
1251	255.998240264948
1252	256.232294398434
1253	256.466331284442
1254	256.7003509217
1255	256.934353308937
1256	257.168338444881
1257	257.40230632826
1258	257.636256957803
1259	257.870190332235
1260	258.104106450286
1261	258.338005310681
1262	258.571886912146
1263	258.80575125341
1264	259.039598333196
1265	259.273428150232
1266	259.507240703243
1267	259.741035990953
1268	259.974814012088
1269	260.208574765373
1270	260.442318249531
1271	260.676044463287
1272	260.909753405364
1273	261.143445074486
1274	261.377119469377
1275	261.610776588759
1276	261.844416431354
1277	262.078038995886
1278	262.311644281076
1279	262.545232285646
1280	262.778803008318
1281	263.012356447812
1282	263.24589260285
1283	263.479411472153
1284	263.71291305444
1285	263.946397348432
1286	264.179864352848
1287	264.413314066409
1288	264.646746487833
1289	264.88016161584
1290	265.113559449147
1291	265.346939986474
1292	265.580303226539
1293	265.813649168058
1294	266.046977809751
1295	266.280289150333
1296	266.513583188523
1297	266.746859923036
1298	266.980119352589
1299	267.213361475899
1300	267.44658629168
1301	267.679793798649
1302	267.912983995521
1303	268.14615688101
1304	268.379312453832
1305	268.612450712701
1306	268.84557165633
1307	269.078675283434
1308	269.311761592726
1309	269.54483058292
1310	269.777882252728
1311	270.010916600863
1312	270.243933626038
1313	270.476933326964
1314	270.709915702353
1315	270.942880750917
1316	271.175828471367
1317	271.408758862414
1318	271.641671922769
1319	271.874567651142
1320	272.107446046242
1321	272.340307106781
1322	272.573150831467
1323	272.805977219009
1324	273.038786268117
1325	273.271577977499
1326	273.504352345864
1327	273.737109371919
1328	273.969849054372
1329	274.202571391931
1330	274.435276383303
1331	274.667964027195
1332	274.900634322313
1333	275.133287267364
1334	275.365922861054
1335	275.598541102088
1336	275.831141989172
1337	276.063725521012
1338	276.296291696311
1339	276.528840513776
1340	276.761371972109
1341	276.993886070015
1342	277.226382806197
1343	277.45886217936
1344	277.691324188206
1345	277.923768831438
1346	278.156196107758
1347	278.388606015869
1348	278.620998554473
1349	278.853373722272
1350	279.085731517966
1351	279.318071940258
1352	279.550394987847
1353	279.782700659434
1354	280.01498895372
1355	280.247259869404
1356	280.479513405187
1357	280.711749559766
1358	280.943968331843
1359	281.176169720114
1360	281.408353723279
1361	281.640520340036
1362	281.872669569083
1363	282.104801409117
1364	282.336915858835
1365	282.569012916936
1366	282.801092582114
1367	283.033154853068
1368	283.265199728492
1369	283.497227207083
1370	283.729237287536
1371	283.961229968547
1372	284.19320524881
1373	284.425163127021
1374	284.657103601872
1375	284.88902667206
1376	285.120932336277
1377	285.352820593216
1378	285.584691441572
1379	285.816544880036
1380	286.048380907302
1381	286.280199522062
1382	286.512000723008
1383	286.743784508831
1384	286.975550878223
1385	287.207299829875
1386	287.439031362478
1387	287.670745474723
1388	287.902442165299
1389	288.134121432897
1390	288.365783276206
1391	288.597427693916
1392	288.829054684715
1393	289.060664247293
1394	289.292256380338
1395	289.523831082538
1396	289.755388352581
1397	289.986928189154
1398	290.218450590945
1399	290.449955556641
1400	290.681443084929
1401	290.913921370037
1402	291.147041139166
1403	291.38057368992
1404	291.614369654649
1405	291.848331805793
1406	292.082397132205
1407	292.316525034503
1408	292.550689557388
1409	292.784874284011
1410	293.019068984774
1411	293.253267421598
1412	293.487465912566
1413	293.721662396413
1414	293.955855825168
1415	294.190045771874
1416	294.424232178973
1417	294.65841519841
1418	294.892595091352
1419	295.126772166436
1420	295.360946742787
1421	295.595119128785
1422	295.829289610766
1423	296.063458447848
1424	296.297625870448
1425	296.53179208096
1426	296.765957255578
1427	297.000121546686
1428	297.234285085431
1429	297.468447984263
1430	297.702610339335
1431	297.936772232683
1432	298.170933734186
1433	298.405094903293
1434	298.639255790527
1435	298.873416438796
1436	299.107576884515
1437	299.341737158579
1438	299.575897287189
1439	299.810057292557
1440	300.044217193512
1441	300.27837700601
1442	300.512536743575
1443	300.746696417662
1444	300.980856037979
1445	301.215015612749
1446	301.449175148938
1447	301.683334652448
1448	301.917494128278
1449	302.151653580662
1450	302.385813013187
1451	302.619972428891
1452	302.854131830347
1453	303.088291219736
1454	303.322450598903
1455	303.556609969413
1456	303.79076933259
1457	304.024928689555
1458	304.25908804126
1459	304.493247388508
1460	304.727406731983
1461	304.961566072261
1462	305.195725409831
1463	305.429884745107
1464	305.664044078442
1465	305.898203410131
1466	306.132362740426
1467	306.366522069541
1468	306.600681397656
1469	306.834840724925
1470	307.069000051476
1471	307.30315937742
1472	307.537318702849
1473	307.771478027843
1474	308.005637352467
1475	308.239796676779
1476	308.473956000825
1477	308.708115324648
1478	308.94227464828
1479	309.176433971752
1480	309.410593295087
1481	309.644752618307
1482	309.878911941429
1483	310.113071264468
1484	310.347230587438
1485	310.581389910347
1486	310.815549233206
1487	311.049708556023
1488	311.283867878804
1489	311.518027201554
1490	311.752186524278
1491	311.98634584698
1492	312.220505169664
1493	312.454664492332
1494	312.688823814986
1495	312.922983137629
1496	313.157142460263
1497	313.391301782889
1498	313.625461105507
1499	313.85962042812
1500	314.093779750728
1501	314.327939073332
1502	314.562098395932
1503	314.79625771853
1504	315.030417041124
1505	315.264576363717
1506	315.498735686308
1507	315.732895008897
1508	315.967054331485
1509	316.201213654072
1510	316.435372976658
1511	316.669532299243
1512	316.903691621827
1513	317.137850944411
1514	317.372010266995
1515	317.606169589578
1516	317.84032891216
1517	318.074488234743
1518	318.308647557325
1519	318.542806879907
1520	318.776966202488
1521	319.01112552507
1522	319.245284847651
1523	319.479444170233
1524	319.713603492814
1525	319.947762815395
1526	320.181922137976
1527	320.416081460557
1528	320.650240783138
1529	320.884400105719
1530	321.1185594283
1531	321.352718750881
1532	321.586878073462
1533	321.821037396043
1534	322.055196718623
1535	322.289356041204
1536	322.523515363785
1537	322.757674686366
1538	322.991834008947
1539	323.225993331527
1540	323.460152654108
1541	323.694311976689
1542	323.92847129927
1543	324.16263062185
1544	324.396789944431
1545	324.630949267012
1546	324.865108589593
1547	325.099267912173
1548	325.333427234754
1549	325.567586557335
1550	325.801745879916
1551	326.035905202496
1552	326.270064525077
1553	326.504223847658
1554	326.738383170238
1555	326.972542492819
1556	327.2067018154
1557	327.440861137981
1558	327.675020460561
1559	327.909179783142
1560	328.143339105723
1561	328.377498428304
1562	328.611657750884
1563	328.845817073465
1564	329.079976396046
1565	329.314135718626
1566	329.548295041207
1567	329.782454363788
1568	330.016613686369
1569	330.250773008949
1570	330.48493233153
1571	330.719091654111
1572	330.953250976692
1573	331.187410299272
1574	331.421569621853
1575	331.655728944434
1576	331.889888267014
1577	332.124047589595
1578	332.358206912176
1579	332.592366234757
1580	332.826525557337
1581	333.060684879918
1582	333.294844202499
1583	333.52900352508
1584	333.76316284766
1585	333.997322170241
1586	334.231481492822
1587	334.465640815403
1588	334.699800137983
1589	334.933959460564
1590	335.168118783145
1591	335.402278105725
1592	335.636437428306
1593	335.870596750887
1594	336.104756073468
1595	336.338915396048
1596	336.573074718629
1597	336.80723404121
1598	337.041393363791
1599	337.275552686371
1600	337.509712008952
1601	337.743871331533
1602	337.978030654113
1603	338.212189976694
1604	338.446349299275
1605	338.680508621856
1606	338.914667944436
1607	339.148827267017
1608	339.382986589598
1609	339.617145912179
1610	339.851305234759
1611	340.08546455734
1612	340.319623879921
1613	340.553783202502
1614	340.787942525082
1615	341.022101847663
1616	341.256261170244
1617	341.490420492824
1618	341.724579815405
1619	341.958739137986
1620	342.192898460567
1621	342.427057783147
1622	342.661217105728
1623	342.895376428309
1624	343.12953575089
1625	343.36369507347
1626	343.597854396051
1627	343.832013718632
1628	344.066173041212
1629	344.300332363793
1630	344.534491686374
1631	344.768651008955
1632	345.002810331535
1633	345.236969654116
1634	345.471128976697
1635	345.705288299278
1636	345.939447621858
1637	346.173606944439
1638	346.40776626702
1639	346.641925589601
1640	346.876084912181
1641	347.110244234762
1642	347.344403557343
1643	347.578562879923
1644	347.812722202504
1645	348.046881525085
1646	348.281040847666
1647	348.515200170246
1648	348.749359492827
1649	348.983518815408
1650	349.217678137989
1651	349.451837460569
1652	349.68599678315
1653	349.920156105731
1654	350.154315428311
1655	350.388474750892
1656	350.622634073473
1657	350.856793396054
1658	351.090952718634
1659	351.325112041215
1660	351.559271363796
1661	351.793430686377
1662	352.027590008957
1663	352.261749331538
1664	352.495908654119
1665	352.730067976699
1666	352.96422729928
1667	353.198386621861
1668	353.432545944442
1669	353.666705267022
1670	353.900864589603
1671	354.135023912184
1672	354.369183234765
1673	354.603342557345
1674	354.837501879926
1675	355.071661202507
1676	355.305820525088
1677	355.539979847668
1678	355.774139170249
1679	356.00829849283
1680	356.24245781541
1681	356.476617137991
1682	356.710776460572
1683	356.944935783153
1684	357.179095105733
1685	357.413254428314
1686	357.647413750895
1687	357.881573073476
1688	358.115732396056
1689	358.349891718637
1690	358.584051041218
1691	358.818210363798
1692	359.052369686379
1693	359.28652900896
1694	359.520688331541
1695	359.754847654121
1696	359.989006976702
1697	360.223166299283
1698	360.457325621864
1699	360.691484944444
1700	360.925644267025
1701	361.159803589606
1702	361.393962912186
1703	361.628122234767
1704	361.862281557348
1705	362.096440879929
1706	362.330600202509
1707	362.56475952509
1708	362.798918847671
1709	363.033078170252
1710	363.267237492832
1711	363.501396815413
1712	363.735556137994
1713	363.969715460575
1714	364.203874783155
1715	364.438034105736
1716	364.672193428317
1717	364.906352750897
1718	365.140512073478
1719	365.374671396059
1720	365.60883071864
1721	365.84299004122
1722	366.077149363801
1723	366.311308686382
1724	366.545468008963
1725	366.779627331543
1726	367.013786654124
1727	367.247945976705
1728	367.482105299285
1729	367.716264621866
1730	367.950423944447
1731	368.184583267028
1732	368.418742589608
1733	368.652901912189
1734	368.88706123477
1735	369.121220557351
1736	369.355379879931
1737	369.589539202512
1738	369.823698525093
1739	370.057857847673
1740	370.292017170254
1741	370.526176492835
1742	370.760335815416
1743	370.994495137996
1744	371.228654460577
1745	371.462813783158
1746	371.696973105739
1747	371.931132428319
1748	372.1652917509
1749	372.399451073481
1750	372.633610396062
1751	372.867769718642
1752	373.101929041223
1753	373.336088363804
1754	373.570247686384
1755	373.804407008965
1756	374.038566331546
1757	374.272725654127
1758	374.506884976707
1759	374.741044299288
1760	374.975203621869
1761	375.20936294445
1762	375.44352226703
1763	375.677681589611
1764	375.911840912192
1765	376.146000234772
1766	376.380159557353
1767	376.614318879934
1768	376.848478202515
1769	377.082637525095
1770	377.316796847676
1771	377.550956170257
1772	377.785115492838
1773	378.019274815418
1774	378.253434137999
1775	378.48759346058
1776	378.72175278316
1777	378.955912105741
1778	379.190071428322
1779	379.424230750903
1780	379.658390073483
1781	379.892549396064
1782	380.126708718645
1783	380.360868041226
1784	380.595027363806
1785	380.829186686387
1786	381.063346008968
1787	381.297505331549
1788	381.531664654129
1789	381.76582397671
1790	381.999983299291
1791	382.234142621871
1792	382.468301944452
1793	382.702461267033
1794	382.936620589614
1795	383.170779912194
1796	383.404939234775
1797	383.639098557356
1798	383.873257879937
1799	384.107417202517
1800	384.341576525098
1801	384.575735847679

