#time	#ias
2	0
7.02234636871508	90.0277
12.0446927374302	90.0277
17.0670391061453	90.0277
22.0893854748603	90.0277
27.1117318435754	90.0277
32.1340782122905	90.0277
37.1564245810056	90.0277
42.1787709497207	90.0277
47.2011173184358	90.0277
52.2234636871508	90.0277
57.2458100558659	90.0277
62.268156424581	90.0277
67.2905027932961	90.0277
72.3128491620112	90.0277
77.3351955307263	90.0277
82.3575418994413	90.0277
87.3798882681564	90.0277
92.4022346368715	90.0277
97.4245810055866	90.0277
102.446927374302	90.0277
107.469273743017	90.0277
112.491620111732	90.0277
117.513966480447	90.0277
122.536312849162	90.0277
127.558659217877	149.18876
132.581005586592	149.18876
137.603351955307	149.18876
142.625698324022	149.18876
147.648044692737	149.18876
152.670391061453	149.18876
157.692737430168	149.18876
162.715083798883	149.18876
167.737430167598	149.18876
172.759776536313	149.18876
177.782122905028	149.18876
182.804469273743	149.18876
187.826815642458	149.18876
192.849162011173	149.18876
197.871508379888	149.18876
202.893854748603	149.18876
207.916201117318	149.18876
212.938547486034	149.18876
217.960893854749	149.18876
222.983240223464	149.18876
228.005586592179	149.18876
233.027932960894	149.18876
238.050279329609	149.18876
243.072625698324	149.18876
248.094972067039	149.18876
253.117318435754	149.18876
258.139664804469	149.18876
263.162011173184	149.18876
268.184357541899	149.18876
273.206703910615	149.18876
278.22905027933	149.18876
283.251396648045	149.18876
288.27374301676	149.18876
293.296089385475	149.18876
298.31843575419	149.18876
303.340782122905	149.18876
308.36312849162	149.18876
313.385474860335	149.18876
318.40782122905	149.18876
323.430167597765	149.18876
328.45251396648	149.18876
333.474860335196	149.18876
338.497206703911	149.18876
343.519553072626	149.18876
348.541899441341	149.18876
353.564245810056	149.18876
358.586592178771	149.18876
363.608938547486	149.18876
368.631284916201	149.18876
373.653631284916	149.18876
378.675977653631	149.18876
383.698324022346	149.18876
388.720670391061	149.18876
393.743016759777	149.18876
398.765363128492	149.18876
403.787709497207	149.18876
408.810055865922	149.18876
413.832402234637	149.18876
418.854748603352	149.18876
423.877094972067	149.18876
428.899441340782	149.18876
433.921787709497	149.18876
438.944134078212	149.18876
443.966480446927	149.18876
448.988826815643	149.18876
454.011173184358	149.18876
459.033519553073	149.18876
464.055865921788	149.18876
469.078212290503	149.18876
474.100558659218	149.18876
479.122905027933	149.18876
484.145251396648	149.18876
489.167597765363	149.18876
494.189944134078	149.18876
499.212290502793	149.18876
504.234636871508	149.18876
509.256983240223	149.18876
514.279329608939	149.18876
519.301675977654	149.18876
524.324022346369	149.18876
529.346368715084	149.18876
534.368715083799	149.18876
539.391061452514	149.18876
544.413407821229	149.18876
549.435754189944	149.18876
554.458100558659	149.18876
559.480446927374	149.18876
564.502793296089	149.18876
569.525139664804	149.18876
574.54748603352	149.18876
579.569832402235	149.18876
584.59217877095	149.18876
589.614525139665	149.18876
594.63687150838	149.18876
599.659217877095	149.18876
604.68156424581	149.18876
609.703910614525	149.18876
614.72625698324	149.18876
619.748603351955	149.18876
624.77094972067	149.18876
629.793296089385	149.18876
634.815642458101	149.18876
639.837988826816	149.18876
644.860335195531	149.18876
649.882681564246	149.18876
654.905027932961	149.18876
659.927374301676	149.18876
664.949720670391	149.18876
669.972067039106	149.18876
674.994413407821	149.18876
680.016759776536	149.18876
685.039106145251	149.18876
690.061452513967	149.18876
695.083798882682	149.18876
700.106145251397	149.18876
705.128491620112	149.18876
710.150837988827	149.18876
715.173184357542	149.18876
720.195530726257	149.18876
725.217877094972	149.18876
730.240223463687	149.18876
735.262569832402	149.18876
740.284916201117	149.18876
745.307262569832	149.18876
750.329608938548	149.18876
755.351955307263	149.18876
760.374301675978	149.18876
765.396648044693	149.18876
770.418994413408	149.18876
775.441340782123	149.18876
780.463687150838	149.18876
785.486033519553	149.18876
790.508379888268	149.18876
795.530726256983	149.18876
800.553072625698	149.18876
805.575418994413	149.18876
810.597765363129	149.18876
815.620111731844	149.18876
820.642458100559	164.887067974825
825.664804469274	164.589650886323
830.687150837989	164.29256635492
835.709497206704	163.995814237083
840.731843575419	163.699394389247
845.754189944134	163.403306667806
850.776536312849	163.107550929121
855.798882681564	162.812127029515
860.821229050279	162.517034825271
865.843575418994	162.222274172641
870.86592178771	161.927844927834
875.888268156425	161.633746947026
880.91061452514	161.339980086355
885.932960893855	161.046544201922
890.95530726257	160.75343914979
895.977653631285	160.460664785986
901	160.168220966499
906.022346368715	159.876107547281
911.04469273743	159.584324384248
916.067039106145	159.292871333277
921.08938547486	159.001748250209
926.111731843575	158.710954990847
931.134078212291	158.420491410956
936.156424581006	158.130357366265
941.178770949721	157.840552712465
946.201117318436	157.55107730521
951.223463687151	157.261931000115
956.245810055866	156.973113652759
961.268156424581	156.684625118683
966.290502793296	156.396465253389
971.312849162011	156.108633912344
976.335195530726	155.821130950975
981.357541899441	155.533956224673
986.379888268156	155.24710958879
991.402234636872	154.96059089864
996.424581005587	154.6744000095
1001.4469273743	154.38853677661
1006.46927374302	154.103001055171
1011.49162011173	153.817792700344
1016.51396648045	153.532911567256
1021.53631284916	153.248357510993
1026.55865921788	152.964130386605
1031.58100558659	152.680230049103
1036.60335195531	152.396656353459
1041.62569832402	152.113409154607
1046.64804469274	151.830488307445
1051.67039106145	151.547893666831
1056.69273743017	151.265625087584
1061.71508379888	150.983682424487
1066.7374301676	150.702065532281
1071.75977653631	150.420774265673
1076.78212290503	150.139808479329
1081.80446927374	149.859168027877
1086.82681564246	149.578852765906
1091.84916201117	149.298862547967
1096.87150837989	149.019197228573
1101.8938547486	148.739856662197
1106.91620111732	148.460840703275
1111.93854748603	148.182149206203
1116.96089385475	147.903782025339
1121.98324022346	147.625739015001
1127.00558659218	147.34802002947
1132.02793296089	147.070624922988
1137.05027932961	146.793553549756
1142.07262569832	146.516805763938
1147.09497206704	146.240381419659
1152.11731843575	145.964280371004
1157.13966480447	145.68850247202
1162.16201117318	145.413047576714
1167.1843575419	145.137915539055
1172.20670391061	144.863106212972
1177.22905027933	144.588619452355
1182.25139664804	144.314455111055
1187.27374301676	144.040613042882
1192.29608938548	143.767093101611
1197.31843575419	143.493895140973
1202.34078212291	143.221019014662
1207.36312849162	142.948464576332
1212.38547486034	142.676231679597
1217.40782122905	142.404320178034
1222.43016759777	142.132729925177
1227.45251396648	141.861460774523
1232.4748603352	141.590512579527
1237.49720670391	141.319885193607
1242.51955307263	141.04957847014
1247.54189944134	140.779592262463
1252.56424581006	140.509926423874
1257.58659217877	140.24058080763
1262.60893854749	139.971555266949
1267.6312849162	139.70284965501
1272.65363128492	139.43446382495
1277.67597765363	139.166397629867
1282.69832402235	138.89865092282
1287.72067039106	138.631223556827
1292.74301675978	138.364115384865
1297.76536312849	138.097326259872
1302.78770949721	137.830856034746
1307.81005586592	137.564704562344
1312.83240223464	137.298871695483
1317.85474860335	137.033357286941
1322.87709497207	136.768161189453
1327.89944134078	136.503283255717
1332.9217877095	136.238723338386
1337.94413407821	135.974481290078
1342.96648044693	135.710556963366
1347.98882681564	135.446950210784
1353.01117318436	135.183660884827
1358.03351955307	134.920688837948
1363.05586592179	134.658033922558
1368.0782122905	134.395695991029
1373.10055865922	134.133674895692
1378.12290502793	133.871970488837
1383.14525139665	133.610582622714
1388.16759776536	133.34951114953
1393.18994413408	133.088755921454
1398.21229050279	132.828316790612
1403.23463687151	132.568193609088
1408.25698324022	132.308386228928
1413.27932960894	132.048894502136
1418.30167597765	131.789718280672
1423.32402234637	131.530857416459
1428.34636871508	131.272311761376
1433.3687150838	131.014081167262
1438.39106145251	130.756165485914
1443.41340782123	130.498564569088
1448.43575418994	130.241278268498
1453.45810055866	129.984306435819
1458.48044692737	129.727648922681
1463.50279329609	129.471305580675
1468.5251396648	129.215276261349
1473.54748603352	128.959560816211
1478.56983240223	130.354212418479
1483.59217877095	130.354212418479
1488.61452513966	130.354212418479
1493.63687150838	130.354212418479
1498.6592178771	130.354212418479
1503.68156424581	130.354212418479
1508.70391061453	130.354212418479
1513.72625698324	130.354212418479
1518.74860335196	130.354212418479
1523.77094972067	130.354212418479
1528.79329608939	130.354212418479
1533.8156424581	130.354212418479
1538.83798882682	130.354212418479
1543.86033519553	130.354212418479
1548.88268156425	130.354212418479
1553.90502793296	130.354212418479
1558.92737430168	130.354212418479
1563.94972067039	130.354212418479
1568.97206703911	130.354212418479
1573.99441340782	130.354212418479
1579.01675977654	130.354212418479
1584.03910614525	130.354212418479
1589.06145251397	130.354212418479
1594.08379888268	130.354212418479
1599.1061452514	130.354212418479
1604.12849162011	130.354212418479
1609.15083798883	130.354212418479
1614.17318435754	130.354212418479
1619.19553072626	130.354212418479
1624.21787709497	130.354212418479
1629.24022346369	130.354212418479
1634.2625698324	130.354212418479
1639.28491620112	130.354212418479
1644.30726256983	130.354212418479
1649.32960893855	130.354212418479
1654.35195530726	130.354212418479
1659.37430167598	130.354212418479
1664.39664804469	130.354212418479
1669.41899441341	130.354212418479
1674.44134078212	130.354212418479
1679.46368715084	130.354212418479
1684.48603351955	130.354212418479
1689.50837988827	130.354212418479
1694.53072625698	130.354212418479
1699.5530726257	130.354212418479
1704.57541899441	130.354212418479
1709.59776536313	130.354212418479
1714.62011173184	130.354212418479
1719.64245810056	130.354212418479
1724.66480446927	130.354212418479
1729.68715083799	130.354212418479
1734.7094972067	130.354212418479
1739.73184357542	130.354212418479
1744.75418994413	130.354212418479
1749.77653631285	130.354212418479
1754.79888268156	130.354212418479
1759.82122905028	130.354212418479
1764.84357541899	130.354212418479
1769.86592178771	130.354212418479
1774.88826815642	130.354212418479
1779.91061452514	130.354212418479
1784.93296089385	130.354212418479
1789.95530726257	130.354212418479
1794.97765363129	130.354212418479
1800	130.354212418479
1805	130.354212418479
