#time	#tas
2	0
7.02234636871508	90.0277
12.0446927374302	90.3027282463133
17.0670391061453	90.5789932983107
22.0893854748603	90.8565025066369
27.1117318435754	91.1352632762848
32.1340782122905	91.415283067076
37.1564245810056	91.6965693941474
42.1787709497207	91.9791298284412
47.2011173184358	92.2629719972015
52.2234636871508	92.548103584475
57.2458100558659	92.8345323316176
62.268156424581	93.1222660378053
67.2905027932961	93.4113125605518
72.3128491620112	93.7016798162301
77.3351955307263	93.9933757806005
82.3575418994413	94.2864084893436
87.3798882681564	94.5807860385993
92.4022346368715	94.8765165855107
97.4245810055866	95.173608348775
102.446927374302	95.4720696091982
107.469273743017	95.7719087102581
112.491620111732	96.0731340586712
117.513966480447	96.3757541249664
122.536312849162	96.6797774440647
127.558659217877	160.718352334863
132.581005586592	161.124966293636
137.603351955307	161.533094214051
142.625698324022	161.942743544108
147.648044692737	162.353921777379
152.670391061453	162.766636453341
157.692737430168	163.180895157713
162.715083798883	163.596705522794
167.737430167598	164.014075227805
172.759776536313	164.433011999238
177.782122905028	164.853523611198
182.804469273743	165.27561788576
187.826815642458	165.699302693318
192.849162011173	166.124585952947
197.871508379888	166.551475632758
202.893854748603	166.979979750267
207.916201117318	167.410106372757
212.938547486034	167.841863617649
217.960893854749	168.275259652875
222.983240223464	168.710302697256
228.005586592179	169.147001020878
233.027932960894	169.585362945475
238.050279329609	170.025396844818
243.072625698324	170.4671111451
248.094972067039	170.910514325334
253.117318435754	171.355614917743
258.139664804469	171.802421508164
263.162011173184	172.250942736451
268.184357541899	172.701187296877
273.206703910615	173.153163938551
278.22905027933	173.606881465826
283.251396648045	174.062348738719
288.27374301676	174.519574673332
293.296089385475	174.978568242277
298.31843575419	175.439338475102
303.340782122905	175.901894458728
308.36312849162	176.36624533788
313.385474860335	176.832400315532
318.40782122905	177.300368653344
323.430167597765	177.77015967212
328.45251396648	178.241782752249
333.474860335196	178.715247334167
338.497206703911	179.190562918818
343.519553072626	179.667739068114
348.541899441341	180.146785405403
353.564245810056	180.627711615947
358.586592178771	181.110527447391
363.608938547486	181.595242710251
368.631284916201	182.081867278392
373.653631284916	182.570411089524
378.675977653631	183.060884145692
383.698324022346	183.553296513776
388.720670391061	184.047658325992
393.743016759777	184.543979780402
398.765363128492	185.042271141425
403.787709497207	185.542542740352
408.810055865922	186.044804975869
413.832402234637	186.549068314583
418.854748603352	187.055343291553
423.877094972067	187.563640510823
428.899441340782	188.073970645968
433.921787709497	188.432417075907
438.944134078212	188.791868603177
443.966480446927	189.152328950465
448.988826815643	189.513801857601
454.011173184358	189.876291081654
459.033519553073	190.239800397024
464.055865921788	190.604333595544
469.078212290503	190.969894486568
474.100558659218	191.336486897073
479.122905027933	191.704114671756
484.145251396648	192.072781673133
489.167597765363	192.442491781633
494.189944134078	192.813248895703
499.212290502793	193.185056931906
504.234636871508	193.55791982502
509.256983240223	193.931841528142
514.279329608939	194.306826012788
519.301675977654	194.682877268997
524.324022346369	195.059999305434
529.346368715084	195.438196149494
534.368715083799	195.817471847405
539.391061452514	196.197830464336
544.413407821229	196.579276084502
549.435754189944	196.96181281127
554.458100558659	197.345444767268
559.480446927374	197.73017609449
564.502793296089	198.11601095441
569.525139664804	198.502953528086
574.54748603352	198.891008016274
579.569832402235	199.280178639538
584.59217877095	199.67046963836
589.614525139665	200.061885273256
594.63687150838	200.454429824886
599.659217877095	200.84810759417
604.68156424581	201.242922902399
609.703910614525	201.638880091357
614.72625698324	202.035983523431
619.748603351955	202.43423758173
624.77094972067	202.833646670207
629.793296089385	203.234215213767
634.815642458101	203.6359476584
639.837988826816	204.038848471289
644.860335195531	204.442922140938
649.882681564246	204.848173177291
654.905027932961	205.254606111855
659.927374301676	205.662225497825
664.949720670391	206.071035910205
669.972067039106	206.481041945935
674.994413407821	206.892248224015
680.016759776536	207.304659385636
685.039106145251	207.718280094303
690.061452513967	208.133115035963
695.083798882682	208.549168919138
700.106145251397	208.966446475054
705.128491620112	209.384952457768
710.150837988827	209.804691644306
715.173184357542	210.22566883479
720.195530726257	210.647888852576
725.217877094972	211.071356544385
730.240223463687	211.496076780442
735.262569832402	211.922054454609
740.284916201117	212.349294484524
745.307262569832	212.777801811737
750.329608938548	213.207581401854
755.351955307263	213.638638244673
760.374301675978	214.070977354323
765.396648044693	214.504603769413
770.418994413408	214.939522553167
775.441340782123	215.375738793575
780.463687150838	215.813257603532
785.486033519553	216.252084120988
790.508379888268	216.692223509091
795.530726256983	217.133680956339
800.553072625698	217.576461676727
805.575418994413	218.020570909895
810.597765363129	218.466013921283
815.620111731844	218.912796002277
820.642458100559	242.443058943529
825.664804469274	242.359794153992
830.687150837989	242.276500748288
835.709497206704	242.193178696893
840.731843575419	242.109827970232
845.754189944134	242.026448538678
850.776536312849	241.943040372554
855.798882681564	241.859603442131
860.821229050279	241.776137717631
865.843575418994	241.692643169222
870.86592178771	241.609119767021
875.888268156425	241.525567481094
880.91061452514	241.441986281455
885.932960893855	241.358376138067
890.95530726257	241.274737020838
895.977653631285	241.191068899626
901	241.107371744238
906.022346368715	241.023645524426
911.04469273743	240.93989020989
916.067039106145	240.856105770279
921.08938547486	240.772292175188
926.111731843575	240.688449394157
931.134078212291	240.604577396677
936.156424581006	240.520676152184
941.178770949721	240.436745630059
946.201117318436	240.352785799631
951.223463687151	240.268796630177
956.245810055866	240.184778090918
961.268156424581	240.100730151021
966.290502793296	240.0166527796
971.312849162011	239.932545945716
976.335195530726	239.848409618373
981.357541899441	239.764243766523
986.379888268156	239.680048359063
991.402234636872	239.595823364834
996.424581005587	239.511568752623
1001.4469273743	239.427284491163
1006.46927374302	239.342970549132
1011.49162011173	239.25862689515
1016.51396648045	239.174253497784
1021.53631284916	239.089850325546
1026.55865921788	239.005417346892
1031.58100558659	238.920954530221
1036.60335195531	238.836461843878
1041.62569832402	238.751939256149
1046.64804469274	238.667386735268
1051.67039106145	238.582804249409
1056.69273743017	238.498191766692
1061.71508379888	238.413549255179
1066.7374301676	238.328876682876
1071.75977653631	238.244174017732
1076.78212290503	238.159441227639
1081.80446927374	238.074678280432
1086.82681564246	237.989885143888
1091.84916201117	237.905061785728
1096.87150837989	237.820208173614
1101.8938547486	237.73532427515
1106.91620111732	237.650410057885
1111.93854748603	237.565465489306
1116.96089385475	237.480490536845
1121.98324022346	237.395485167874
1127.00558659218	237.310449349708
1132.02793296089	237.225383049602
1137.05027932961	237.140286234752
1142.07262569832	237.055158872297
1147.09497206704	236.970000929316
1152.11731843575	236.884812372828
1157.13966480447	236.799593169794
1162.16201117318	236.714343287114
1167.1843575419	236.629062691631
1172.20670391061	236.543751350125
1177.22905027933	236.458409229318
1182.25139664804	236.373036295872
1187.27374301676	236.287632516387
1192.29608938548	236.202197857406
1197.31843575419	236.116732285408
1202.34078212291	236.031235766814
1207.36312849162	235.945708267981
1212.38547486034	235.860149755208
1217.40782122905	235.774560194731
1222.43016759777	235.688939552726
1227.45251396648	235.603287795308
1232.4748603352	235.517604888528
1237.49720670391	235.431890798376
1242.51955307263	235.346145490782
1247.54189944134	235.260368931612
1252.56424581006	235.174561086671
1257.58659217877	235.0887219217
1262.60893854749	235.002851402378
1267.6312849162	234.916949494322
1272.65363128492	234.831016163087
1277.67597765363	234.745051374162
1282.69832402235	234.659055092975
1287.72067039106	234.57302728489
1292.74301675978	234.486967915208
1297.76536312849	234.400876949165
1302.78770949721	234.314754351935
1307.81005586592	234.228600088626
1312.83240223464	234.142414124283
1317.85474860335	234.056196423887
1322.87709497207	233.969946952353
1327.89944134078	233.883665674534
1332.9217877095	233.797352555214
1337.94413407821	233.711007559115
1342.96648044693	233.624630650894
1347.98882681564	233.538221795141
1353.01117318436	233.451780956382
1358.03351955307	233.365308099076
1363.05586592179	233.278803187616
1368.0782122905	233.19226618633
1373.10055865922	233.10569705948
1378.12290502793	233.019095771261
1383.14525139665	232.932462285801
1388.16759776536	232.845796567162
1393.18994413408	232.759098579338
1398.21229050279	232.672368286257
1403.23463687151	232.585605651781
1408.25698324022	232.498810639701
1413.27932960894	232.411983213744
1418.30167597765	232.325123337566
1423.32402234637	232.238230974759
1428.34636871508	232.151306088842
1433.3687150838	232.06434864327
1438.39106145251	231.977358601427
1443.41340782123	231.890335926629
1448.43575418994	231.803280582124
1453.45810055866	231.716192531089
1458.48044692737	231.629071736634
1463.50279329609	231.541918161798
1468.5251396648	231.454731769551
1473.54748603352	231.367512522792
1478.56983240223	234.245391927743
1483.59217877095	234.245391927743
1488.61452513966	234.245391927743
1493.63687150838	234.245391927743
1498.6592178771	234.245391927743
1503.68156424581	234.245391927743
1508.70391061453	234.245391927743
1513.72625698324	234.245391927743
1518.74860335196	234.245391927743
1523.77094972067	234.245391927743
1528.79329608939	234.245391927743
1533.8156424581	234.245391927743
1538.83798882682	234.245391927743
1543.86033519553	234.245391927743
1548.88268156425	234.245391927743
1553.90502793296	234.245391927743
1558.92737430168	234.245391927743
1563.94972067039	234.245391927743
1568.97206703911	234.245391927743
1573.99441340782	234.245391927743
1579.01675977654	234.245391927743
1584.03910614525	234.245391927743
1589.06145251397	234.245391927743
1594.08379888268	234.245391927743
1599.1061452514	234.245391927743
1604.12849162011	234.245391927743
1609.15083798883	234.245391927743
1614.17318435754	234.245391927743
1619.19553072626	234.245391927743
1624.21787709497	234.245391927743
1629.24022346369	234.245391927743
1634.2625698324	234.245391927743
1639.28491620112	234.245391927743
1644.30726256983	234.245391927743
1649.32960893855	234.245391927743
1654.35195530726	234.245391927743
1659.37430167598	234.245391927743
1664.39664804469	234.245391927743
1669.41899441341	234.245391927743
1674.44134078212	234.245391927743
1679.46368715084	234.245391927743
1684.48603351955	234.245391927743
1689.50837988827	234.245391927743
1694.53072625698	234.245391927743
1699.5530726257	234.245391927743
1704.57541899441	234.245391927743
1709.59776536313	234.245391927743
1714.62011173184	234.245391927743
1719.64245810056	234.245391927743
1724.66480446927	234.245391927743
1729.68715083799	234.245391927743
1734.7094972067	234.245391927743
1739.73184357542	234.245391927743
1744.75418994413	234.245391927743
1749.77653631285	234.245391927743
1754.79888268156	234.245391927743
1759.82122905028	234.245391927743
1764.84357541899	234.245391927743
1769.86592178771	234.245391927743
1774.88826815642	234.245391927743
1779.91061452514	234.245391927743
1784.93296089385	234.245391927743
1789.95530726257	234.245391927743
1794.97765363129	234.245391927743
1800	234.245391927743
1805	234.245391927743
